475.000000	0.006540	0.000000	0.006540
476.000000	0.446528	0.440039	0.006489
477.000000	0.885454	0.879017	0.006437
478.000000	1.322257	1.315873	0.006384
479.000000	1.755874	1.749544	0.006330
480.000000	2.185243	2.178967	0.006276
481.000000	2.609304	2.603083	0.006221
482.000000	3.026993	3.020828	0.006165
483.000000	3.437249	3.431141	0.006108
484.000000	3.839010	3.832959	0.006051
485.000000	4.231214	4.225220	0.005994
486.000000	4.612799	4.606864	0.005935
487.000000	4.982704	4.976827	0.005877
488.000000	5.339867	5.334050	0.005817
489.000000	5.683225	5.677467	0.005758
490.000000	6.011718	6.006020	0.005698
491.000000	6.324282	6.318645	0.005637
492.000000	6.619857	6.614281	0.005576
493.000000	6.897379	6.891864	0.005515
494.000000	7.155788	7.150335	0.005453
495.000000	7.394022	7.388631	0.005391
496.000000	7.611019	7.605690	0.005329
497.000000	7.805716	7.800450	0.005266
498.000000	7.977052	7.971849	0.005203
499.000000	8.123965	8.118825	0.005140
500.000000	8.245394	8.240317	0.005077
501.000000	8.340276	13.246276	-4.906000
502.000000	8.407549	12.825549	-4.418000
503.000000	8.446152	12.430152	-3.984000
504.000000	8.455023	12.053023	-3.598000
505.000000	8.433100	11.688100	-3.255000
506.000000	8.379320	11.328320	-2.949000
507.000000	8.292623	10.970623	-2.678000
508.000000	8.171946	10.607946	-2.436000
509.000000	8.016228	10.237228	-2.221000
510.000000	7.824406	9.854406	-2.030000
511.000000	7.595419	9.455419	-1.860000
512.000000	7.328205	9.037205	-1.709000
513.000000	7.021702	8.595702	-1.574000
514.000000	6.674848	8.128848	-1.454000
515.000000	6.286581	7.632581	-1.346000
516.000000	5.855839	7.103839	-1.248000
517.000000	5.381561	6.538561	-1.157000
518.000000	4.862685	5.930685	-1.068000
519.000000	4.298148	5.274248	-0.976100
520.000000	3.686890	4.561890	-0.875000
521.000000	3.027847	3.786547	-0.758700
522.000000	2.319959	2.943359	-0.623400
523.000000	1.562163	2.033363	-0.471200
524.000000	0.753397	1.053397	-0.300000
525.000000	-0.107400	0.000000	-0.107400
526.000000	-1.019673	1.122573	0.102900
527.000000	-1.976396	2.303996	0.327600
528.000000	-2.968926	3.532626	0.563700
529.000000	-3.988621	4.797621	0.809000
530.000000	-5.026837	6.088837	1.062000
531.000000	-6.074931	7.395931	1.321000
532.000000	-7.124261	8.710261	1.586000
533.000000	-8.166183	10.021183	1.855000
534.000000	-9.192054	11.320054	2.128000
535.000000	-10.193232	12.597232	2.404000
536.000000	-11.161073	13.845073	2.684000
537.000000	-12.086934	15.051934	2.965000
538.000000	-12.962173	16.212173	3.250000
539.000000	-13.778146	17.314146	3.536000
540.000000	-14.526211	18.351211	3.825000
541.000000	-15.197723	19.313723	4.116000
542.000000	-15.784042	20.193042	4.409000
543.000000	-16.276522	20.980522	4.704000
544.000000	-16.666523	21.668523	5.002000
545.000000	-16.945399	22.248399	5.303000
546.000000	-17.104509	22.787509	5.683000
547.000000	-17.135210	23.132210	5.997000
548.000000	-17.028858	23.351858	6.323000
549.000000	-16.776810	23.436810	6.660000
550.000000	-16.370424	23.370424	7.000000
551.000000	-15.801056	23.165056	7.364000
552.000000	-15.060064	22.803064	7.743000
553.000000	-14.138805	22.276805	8.138000
554.000000	-13.028634	21.582634	8.554000
555.000000	-11.720911	20.710911	8.990000
556.000000	-10.206991	19.658991	9.452000
557.000000	-8.478231	18.421231	9.943000
558.000000	-6.525989	16.995989	10.470000
559.000000	-4.341622	15.371622	11.030000
560.000000	-1.916486	13.556486	11.640000
561.000000	0.758062	11.541938	12.300000
562.000000	3.690663	9.339337	13.030000
563.000000	6.889963	6.950037	13.840000
564.000000	10.364602	4.395398	14.760000
565.000000	14.123225	1.706775	15.830000
566.000000	18.174474	1.044474	17.130000
567.000000	22.526993	3.746993	18.780000
568.000000	27.189424	6.079424	21.110000
569.000000	32.170411	7.080411	25.090000
570.000000	37.478596	9.928596	27.550000
571.000000	43.122622	14.302622	28.820000
572.000000	49.111132	18.901132	30.210000
573.000000	55.452770	23.552770	31.900000
574.000000	62.156178	12.666178	49.490000
575.000000	69.230000	0.000000	69.230000
576.000000	76.677879	0.337879	76.340000
577.000000	84.483461	3.023461	81.460000
578.000000	92.625394	5.345394	87.280000
579.000000	101.082326	6.772326	94.310000
580.000000	109.832904	7.432904	102.400000
581.000000	118.855775	7.655775	111.200000
582.000000	128.129587	7.429587	120.700000
583.000000	137.632986	6.832986	130.800000
584.000000	147.344622	6.144622	141.200000
585.000000	157.243140	5.043140	152.200000
586.000000	167.307189	3.907189	163.400000
587.000000	177.515415	2.515415	175.000000
588.000000	187.846466	0.946466	186.900000
589.000000	198.278990	0.021010	198.300000
590.000000	208.791634	4.091634	204.700000
591.000000	219.363045	7.363045	212.000000
592.000000	229.971871	10.271871	219.700000
593.000000	240.596759	12.996759	227.600000
594.000000	251.216356	15.716356	235.500000
595.000000	261.809311	18.409311	243.400000
596.000000	272.354269	21.054269	251.300000
597.000000	282.829879	23.629879	259.200000
598.000000	293.214789	26.314789	266.900000
599.000000	303.487645	29.187645	274.300000
600.000000	313.627094	32.027094	281.600000
601.000000	323.611786	22.211786	301.400000
602.000000	333.420365	24.120365	309.300000
603.000000	343.031481	26.131481	316.900000
604.000000	352.423781	28.123781	324.300000
605.000000	361.575911	29.975911	331.600000
606.000000	370.466519	31.766519	338.700000
607.000000	379.074254	33.174254	345.900000
608.000000	387.377761	33.577761	353.800000
609.000000	395.355689	28.955689	366.400000
610.000000	402.986685	28.986685	374.000000
611.000000	410.249396	30.049396	380.200000
612.000000	417.122469	31.022469	386.100000
613.000000	423.584553	32.084553	391.500000
614.000000	429.614295	33.014295	396.600000
615.000000	435.190341	33.790341	401.400000
616.000000	440.291339	31.191339	409.100000
617.000000	444.895938	29.595938	415.300000
618.000000	448.982783	26.282783	422.700000
619.000000	452.530523	13.930523	438.600000
620.000000	455.517804	13.917804	441.600000
621.000000	457.923275	11.723275	446.200000
622.000000	459.725583	9.125583	450.600000
623.000000	460.903375	6.403375	454.500000
624.000000	461.435298	3.335298	458.100000
625.000000	461.300000	0.000000	461.300000
626.000000	460.483402	0.216598	460.700000
627.000000	459.000517	2.400517	456.600000
628.000000	456.873633	3.573633	453.300000
629.000000	454.125038	3.625038	450.500000
630.000000	450.777017	2.877017	447.900000
631.000000	446.851860	1.751860	445.100000
632.000000	442.371852	0.471852	441.900000
633.000000	437.359282	0.640718	438.000000
634.000000	431.836436	1.263564	433.100000
635.000000	425.825602	1.074398	426.900000
636.000000	419.349068	0.249068	419.100000
637.000000	412.429119	2.329119	410.100000
638.000000	405.088045	5.188045	399.900000
639.000000	397.348131	8.548131	388.800000
640.000000	389.231666	12.331666	376.900000
641.000000	380.760936	16.460936	364.300000
642.000000	371.958229	20.958229	351.000000
643.000000	362.845833	26.645833	336.200000
644.000000	353.446033	31.346033	322.100000
645.000000	343.781119	35.481119	308.300000
646.000000	333.873376	39.773376	294.100000
647.000000	323.745093	46.045093	277.700000
648.000000	313.418556	53.918556	259.500000
649.000000	302.916053	58.716053	244.200000
650.000000	292.259871	62.959871	229.300000
651.000000	281.472298	66.472298	215.000000
652.000000	270.575620	69.375620	201.200000
653.000000	259.592125	71.492125	188.100000
654.000000	248.544101	72.944101	175.600000
655.000000	237.453834	73.653834	163.800000
656.000000	226.343612	73.743612	152.600000
657.000000	215.235722	73.135722	142.100000
658.000000	204.152451	71.852451	132.300000
659.000000	193.116087	70.016087	123.100000
660.000000	182.148917	67.548917	114.600000
661.000000	171.273229	64.673229	106.600000
662.000000	160.511309	61.341309	99.170000
663.000000	149.885444	57.585444	92.300000
664.000000	139.417923	53.487923	85.930000
665.000000	129.131033	49.091033	80.040000
666.000000	119.047059	44.457059	74.590000
667.000000	109.188291	39.628291	69.560000
668.000000	99.577016	34.657016	64.920000
669.000000	90.235519	29.605519	60.630000
670.000000	81.186090	24.506090	56.680000
671.000000	72.451015	19.411015	53.040000
672.000000	64.052581	14.372581	49.680000
673.000000	56.013075	9.433075	46.580000
674.000000	48.354786	4.624786	43.730000
675.000000	41.100000	0.000000	41.100000
676.000000	34.265585	4.404415	38.670000
677.000000	27.846734	8.583266	36.430000
678.000000	21.833219	12.526781	34.360000
679.000000	16.214813	16.235187	32.450000
680.000000	10.981289	19.708711	30.690000
681.000000	6.122420	22.937580	29.060000
682.000000	1.627978	25.922022	27.550000
683.000000	-2.512263	28.672263	26.160000
684.000000	-6.308532	31.178532	24.870000
685.000000	-9.771054	33.441054	23.670000
686.000000	-12.910057	35.480057	22.570000
687.000000	-15.735768	37.275768	21.540000
688.000000	-18.258415	38.838415	20.580000
689.000000	-20.488225	40.188225	19.700000
690.000000	-22.435424	41.305424	18.870000
691.000000	-24.110240	42.210240	18.100000
692.000000	-25.522900	42.912900	17.390000
693.000000	-26.683632	43.403632	16.720000
694.000000	-27.602662	43.702662	16.100000
695.000000	-28.290217	43.810217	15.520000
696.000000	-28.756525	43.736525	14.980000
697.000000	-29.011813	43.491813	14.480000
698.000000	-29.066308	43.066308	14.000000
699.000000	-28.930238	42.490238	13.560000
700.000000	-28.613828	41.763828	13.150000
701.000000	-28.127308	40.887308	12.760000
702.000000	-27.480903	39.870903	12.390000
703.000000	-26.684841	38.734841	12.050000
704.000000	-25.749349	37.479349	11.730000
705.000000	-24.684654	36.114654	11.430000
706.000000	-23.500983	34.650983	11.150000
707.000000	-22.208564	33.088564	10.880000
708.000000	-20.817624	31.447624	10.630000
709.000000	-19.338389	29.728389	10.390000
710.000000	-17.781088	27.951088	10.170000
711.000000	-16.155947	26.117947	9.962000
712.000000	-14.473193	24.237193	9.764000
713.000000	-12.743053	22.320053	9.577000
714.000000	-10.975756	20.376756	9.401000
715.000000	-9.181527	18.415527	9.234000
716.000000	-7.370594	16.447594	9.077000
717.000000	-5.553184	14.482184	8.929000
718.000000	-3.739525	12.527525	8.788000
719.000000	-1.939843	10.594843	8.655000
720.000000	-0.164366	8.693366	8.529000
721.000000	1.576680	6.833320	8.410000
722.000000	3.273066	5.023934	8.297000
723.000000	4.914566	3.275434	8.190000
724.000000	6.490953	1.597047	8.088000
725.000000	7.992000	0.000000	7.992000
726.000000	9.409469	1.509469	7.900000
727.000000	10.743081	2.930081	7.813000
728.000000	11.994548	4.263548	7.731000
729.000000	13.165582	5.512582	7.653000
730.000000	14.257894	6.679894	7.578000
731.000000	15.273195	7.766195	7.507000
732.000000	16.213196	8.773196	7.440000
733.000000	17.079609	9.704609	7.375000
734.000000	17.874145	10.560145	7.314000
735.000000	18.598516	11.342516	7.256000
736.000000	19.254433	12.054433	7.200000
737.000000	19.843607	12.670607	7.173000
738.000000	20.367749	13.206749	7.161000
739.000000	20.828572	13.664572	7.164000
740.000000	21.227786	14.049786	7.178000
741.000000	21.567102	14.365102	7.202000
742.000000	21.848232	14.613232	7.235000
743.000000	22.072888	14.796888	7.276000
744.000000	22.242781	14.918781	7.324000
745.000000	22.359621	14.981621	7.378000
746.000000	22.425121	14.988121	7.437000
747.000000	22.440992	14.940992	7.500000
748.000000	22.408945	14.840945	7.568000
749.000000	22.330692	14.692692	7.638000
750.000000	22.207943	14.496943	7.711000
751.000000	22.042410	14.256410	7.786000
752.000000	21.835805	13.971805	7.864000
753.000000	21.589839	13.647839	7.942000
754.000000	21.306223	13.284223	8.022000
755.000000	20.986669	12.883669	8.103000
756.000000	20.632887	12.447887	8.185000
757.000000	20.246590	11.979590	8.267000
758.000000	19.829489	11.479489	8.350000
759.000000	19.383294	10.950294	8.433000
760.000000	18.909718	10.394718	8.515000
761.000000	18.410472	9.812472	8.598000
762.000000	17.887267	9.207267	8.680000
763.000000	17.341814	8.579814	8.762000
764.000000	16.775825	7.932825	8.843000
765.000000	16.191011	7.267011	8.924000
766.000000	15.589083	6.585083	9.004000
767.000000	14.971754	5.888754	9.083000
768.000000	14.340733	5.179733	9.161000
769.000000	13.697733	4.458733	9.239000
770.000000	13.044465	3.728465	9.316000
771.000000	12.382640	2.991640	9.391000
772.000000	11.713970	2.247970	9.466000
773.000000	11.040165	1.500165	9.540000
774.000000	10.362938	0.749938	9.613000
775.000000	9.684000	0.000000	9.684000
