x;; y
0.006540
-383.447226
-678.408132
-897.650752
-1052.576035
-1153.327048
-1208.896964
-1227.229695
-1215.313592
-1179.268553
-1124.426941
-1055.408628
-976.190517
-890.170850
-800.228608
-708.778297
-617.820389
-528.987688
-443.587871
-362.642443
-286.922337
-216.980377
-153.180797
-95.726044
-44.681014
0.005077
38.479020
70.965998
97.753850
119.179100
135.614592
147.458621
155.125429
159.036963
159.615773
157.278970
152.433136
145.470095
136.763480
126.665996
115.507328
103.592608
91.201397
78.587100
65.976785
53.571342
41.545932
30.050693
19.211663
9.131876
-0.107400
-8.445301
-15.839928
-22.266840
-27.717511
-32.197761
-35.726193
-38.332637
-40.056628
-40.945921
-41.055054
-40.443977
-39.176745
-37.320283
-34.943233
-32.114879
-28.904166
-25.378792
-21.604403
-17.643868
-13.556640
-9.398212
-5.219652
-1.067219
3.017937
7.000000
10.848637
14.539084
18.052159
21.374221
24.497066
27.417771
30.138497
32.666242
35.012555
37.193222
39.227920
41.139840
42.955301
44.703340
46.415289
48.124353
49.865174
51.673400
53.585256
55.637124
57.865127
60.304732
62.990361
65.955031
69.230000
72.844445
76.825161
81.196283
85.979040
91.191529
96.848525
102.961315
109.537567
116.581224
124.092430
132.067487
140.498840
149.375094
158.681055
168.397801
178.502784
188.969949
199.769885
210.869994
222.234686
233.825590
245.601786
257.520052
269.535131
281.600000
293.666163
305.683946
317.602799
329.371606
340.938999
352.253671
363.264689
373.921805
384.175767
393.978612
403.283967
412.047326
420.226326
427.781004
434.674045
440.871005
446.340531
451.054547
454.988435
458.121185
460.435528
461.918048
462.559272
462.353729
461.300000
459.400727
456.662613
453.096388
448.716759
443.542329
437.595497
430.902338
423.492452
415.398805
406.657536
397.307756
387.391320
376.952590
366.038175
354.696663
342.978336
330.934876
318.619060
306.084453
293.385084
280.575130
267.708589
254.838960
242.018919
229.300000
216.732286
204.364102
192.241722
180.409085
168.907527
157.775528
147.048472
136.758434
126.933982
117.600002
108.777550
100.483725
92.731572
85.530013
78.883800
72.793509
67.255554
62.262237
57.801826
53.858671
50.413342
47.442803
44.920618
42.817185
41.100000
39.733945
38.681610
37.903637
37.359081
37.005807
36.800891
36.701048
36.663069
36.644272
36.602958
36.498878
36.293690
35.951427
35.438948
34.726383
33.787564
32.600432
31.147428
29.415847
27.398165
25.092326
22.501986
19.636714
16.512130
13.150000
9.578258
5.830971
1.948225
-2.024054
-6.034367
-10.025981
-13.937357
-17.702671
-21.252411
-24.514078
-27.412975
-29.873084
-31.818039
-33.172193
-33.861768
-33.816091
-32.968913
-31.259804
-28.635616
-25.052004
-20.475001
-14.882634
-8.266560
-0.633724
7.992000
17.568182
28.032257
39.300020
51.264207
63.793206
76.729920
89.890820
103.065228
116.014865
128.473712
140.148236
150.718029
159.836913
167.134582
172.218834
174.678475
174.086960
170.006856
161.995217
149.609947
132.417271
110.000397
81.969491
47.973080
7.711000
-39.050963
-92.464623
-152.580967
-219.329606
-292.495939
-371.695853
-456.347781
-545.641923
-638.506426
-733.570312
-829.122937
-923.069725
-1012.883961
-1095.554352
-1167.528109
-1224.649257
-1262.091863
-1274.287899
-1254.849378
-1196.484454
-1090.907106
-928.740053
-699.410488
-391.038251
9.684000
Difference:


0.000000
383.453715
678.414569
897.657136
1052.582365
1153.333324
1208.903185
1227.235860
1215.319700
1179.274604
1124.432935
1055.414563
976.196394
890.176667
800.234366
708.783995
617.826026
528.993264
443.593386
362.647896
286.927728
216.985706
153.186063
95.731247
44.686154
0.000000
43.385020
75.383998
101.737850
122.777100
138.869592
150.407621
157.803429
161.472963
161.836773
159.308970
154.293136
147.179095
138.337480
128.119996
116.853328
104.840608
92.358397
79.655100
66.952885
54.446342
42.304632
30.674093
19.682863
9.431876
0.000000
8.548201
16.167528
22.830540
28.526511
33.259761
37.047193
39.918637
41.911628
43.073921
43.459054
43.127977
42.141745
40.570283
38.479233
35.939879
33.020166
29.787792
26.308403
22.645868
18.859640
15.081212
11.216652
7.390219
3.642063
0.000000
3.484637
6.796084
9.914159
12.820221
15.507066
17.965771
20.195497
22.196242
23.982555
25.553222
26.927920
28.109840
29.115301
29.943340
30.585289
30.994353
31.085174
30.563400
28.495256
28.087124
29.045127
30.094732
31.090361
16.465031
0.000000
3.495555
4.634839
6.083717
8.330960
11.208471
14.351475
17.738685
21.262433
24.618776
28.107570
31.332513
34.501160
37.524906
39.618945
36.302199
33.497216
30.730051
27.830115
24.630006
21.165314
17.474410
13.598214
9.379948
4.764869
0.000000
7.733837
3.616054
0.702799
5.071606
9.338999
13.553671
17.364689
20.121805
17.775767
19.978612
23.083967
25.947326
28.726326
31.181004
33.274045
31.771005
31.040531
28.354547
16.388435
16.521185
14.235528
11.318048
8.059272
4.253729
0.000000
1.299273
0.062613
0.203612
1.783241
4.357671
7.504503
10.997662
14.507548
17.701195
20.242464
21.792244
22.708680
22.947410
22.761825
22.203337
21.321664
20.065124
17.580940
16.015547
14.914916
13.524870
9.991411
4.661040
2.181081
0.000000
1.732286
3.164102
4.141722
4.809085
5.107527
5.175528
4.948472
4.458434
3.833982
3.000002
2.177550
1.313725
0.431572
0.399987
1.156200
1.796491
2.304446
2.657763
2.828174
2.821329
2.626658
2.237197
1.659382
0.912815
0.000000
1.063945
2.251610
3.543637
4.909081
6.315807
7.740891
9.151048
10.503069
11.774272
12.932958
13.928878
14.753690
15.371427
15.738948
15.856383
15.687564
15.210432
14.427428
13.315847
11.878165
10.112326
8.021986
5.636714
2.952130
0.000000
3.181742
6.559029
10.101775
13.754054
17.464367
21.175981
24.817357
28.332671
31.642411
34.684078
37.374975
39.637084
41.395039
42.573193
43.095768
42.893091
41.897913
40.047804
37.290616
33.581004
28.885001
23.179634
16.456560
8.721724
0.000000
9.668182
20.219257
31.569020
43.611207
56.215206
69.222920
82.450820
95.690228
108.700865
121.217712
132.948236
143.545029
152.675913
159.970582
165.040834
167.476475
166.851960
162.730856
154.671217
142.231947
124.980271
102.500397
74.401491
40.335080
0.000000
46.836963
100.328623
160.522967
227.351606
300.598939
379.880853
464.614781
553.991923
646.939426
742.085312
837.720937
931.749725
1021.645961
1104.397352
1176.452109
1233.653257
1271.174863
1283.448899
1264.088378
1205.800454
1100.298106
938.206053
708.950488
400.651251
0.000000
