x;; y
0.006540
-338.572031
-555.781900
-676.835386
-723.986388
-716.443593
-670.426781
-599.323871
-513.914911
-422.636348
-331.864951
-246.205714
-168.772204
-101.451133
-45.145694
0.005698
34.436867
58.987888
74.764987
83.024968
85.082322
82.236859
75.719527
66.654054
56.032056
44.699366
33.351483
22.536213
12.661765
4.008786
-3.255000
-9.058651
-13.411310
-16.385689
-18.102317
-18.714996
-18.397765
-17.333561
-15.704683
-13.685062
-11.434297
-9.093345
-6.781740
-4.596164
-2.610188
-0.875000
0.579081
1.740487
2.613852
3.217201
3.579020
3.735334
3.726897
3.596594
3.387112
3.138934
2.888694
2.667897
2.502027
2.410004
2.404000
2.489555
2.665979
2.926991
3.261540
3.654777
4.089129
4.545414
5.003983
5.445819
5.853579
6.212542
6.511435
6.743118
6.905120
7.000000
7.035554
7.024842
6.986063
6.942269
6.920948
6.953476
7.074474
7.321066
7.732093
8.347268
9.206327
10.348175
11.810058
13.626785
15.830000
18.447543
21.502895
25.014724
28.996542
33.456479
38.397166
43.815745
49.703983
56.048500
62.831099
70.029180
77.616242
85.562448
93.835241
102.400000
111.220718
120.260687
129.483176
138.852079
148.332532
157.891479
167.498169
177.124584
186.745787
196.340178
205.889656
215.379688
224.799279
234.140847
243.400000
252.575239
261.667566
270.680030
279.617210
288.484647
297.288239
306.033618
314.725509
323.367102
331.959439
340.500836
348.986353
357.407322
365.750949
374.000000
382.132574
390.121979
397.936712
405.540550
412.892746
419.948341
426.658582
432.971444
438.832243
444.184350
448.969972
453.131002
456.609923
459.350752
461.300000
462.407641
462.628070
461.921027
460.252480
457.595441
453.930701
449.247469
443.543907
436.827537
429.115516
420.434771
410.821985
400.323433
388.994657
376.900000
364.111979
350.710526
336.782086
322.418603
307.716394
292.774928
277.695543
262.580099
247.529613
232.642876
218.015091
203.736555
189.891397
176.556411
163.800000
151.681244
140.249128
129.541937
119.586828
110.399604
101.984687
94.335301
87.433859
81.252557
75.754171
70.893027
66.616152
62.864570
59.574724
56.680000
54.112316
51.803749
49.688163
47.702798
45.789790
43.897575
41.982151
40.008152
37.949707
35.791062
33.526918
31.162491
28.713265
26.204426
23.670000
21.151667
18.697306
16.359264
14.192401
12.251946
10.591216
9.259254
8.298460
7.742268
7.612971
7.919752
8.657010
9.803070
11.319339
13.150000
15.222292
17.447445
19.722305
21.931676
23.951386
25.652064
26.903582
27.580105
27.565645
26.760001
25.084921
22.490312
18.960260
14.518635
9.234000
3.223522
-3.344403
-10.249153
-17.218809
-23.933331
-30.030263
-35.113213
-38.763310
-40.553765
-40.067577
-36.918305
-30.773725
-21.382001
-8.599854
7.578000
26.989081
49.274228
73.850968
99.890852
126.302733
151.724197
174.523634
192.815609
204.492445
207.274946
198.785302
176.645064
138.600850
82.680040
7.378000
-88.122542
-203.700660
-338.017370
-488.211389
-649.578012
-815.242100
-975.840562
-1119.234994
-1230.281574
-1290.693023
-1279.036602
-1170.923023
-939.453948
-556.010783
8.515000
781.929392
1788.237028
3044.264595
4555.203735
6308.834861
8268.152248
10362.064040
12473.787615
14426.500450
15965.738346
16737.955779
16264.576219
13910.762539
8848.027835
9.684000
Difference:


0.000000
338.578520
555.788337
676.841770
723.992718
716.449869
670.433002
599.330036
513.921019
422.642399
331.870945
246.211649
168.778081
101.456950
45.151452
0.000000
34.431230
58.982312
74.759472
83.019515
85.076931
82.231530
75.714261
66.648851
56.026916
44.694289
38.257483
26.954213
16.645765
7.606786
0.000000
6.109651
10.733310
13.949689
15.881317
16.684996
16.537765
15.624561
14.130683
12.231062
10.088297
7.845345
5.624740
3.528164
1.634088
0.000000
1.337781
2.363887
3.085052
3.517201
3.686420
3.632434
3.399297
3.032894
2.578112
2.076934
1.567694
1.081897
0.647027
0.282004
0.000000
0.194445
0.299021
0.323009
0.274460
0.170223
0.026871
0.136414
0.299983
0.443819
0.550579
0.529542
0.514435
0.420118
0.245120
0.000000
0.328446
0.718158
1.151937
1.611731
2.069052
2.498524
2.868526
3.148934
3.297907
3.292732
3.093673
2.681825
2.029942
1.133215
0.000000
1.317543
2.722895
3.904724
3.906542
5.906479
9.577166
13.605745
17.803983
6.558500
6.398901
6.310820
3.843758
1.717552
0.474759
0.000000
0.020718
0.439313
1.316824
2.347921
3.867468
5.508521
7.501831
9.775416
11.554213
8.359822
6.110344
4.320312
2.800721
1.359153
0.000000
1.275239
2.467566
3.780030
5.317210
6.884647
4.111761
3.266382
2.174491
0.932898
0.359439
1.800836
3.086353
3.607322
0.649051
0.000000
1.932574
4.021979
6.436712
8.940550
11.492746
10.848341
11.358582
10.271444
0.232243
2.584350
2.769972
2.531002
2.109923
1.250752
0.000000
1.707641
6.028070
8.621027
9.752480
9.695441
8.830701
7.347469
5.543907
3.727537
2.215516
1.334771
0.721985
0.423433
0.194657
0.000000
0.188021
0.289474
0.582086
0.318603
0.583606
1.325072
0.004457
3.080099
3.329613
3.342876
3.015091
2.536555
1.791397
0.956411
0.000000
0.918756
1.850872
2.758063
3.513172
4.200396
4.615313
4.834699
4.866141
4.677443
4.285829
3.696973
2.943848
2.055430
1.055276
0.000000
1.072316
2.123749
3.108163
3.972798
4.689790
5.227575
5.552151
5.648152
5.499707
5.101062
4.466918
3.612491
2.553265
1.334426
0.000000
1.418333
2.842694
4.220736
5.507599
6.618054
7.508784
8.130746
8.421540
8.357732
7.907029
7.060248
5.822990
4.196930
2.240661
0.000000
2.462292
5.057445
7.672305
10.201676
12.521386
14.502064
16.023582
16.950105
17.175645
16.590001
15.122921
12.726312
9.383260
5.117635
0.000000
5.853478
12.273403
19.037153
25.873809
32.462331
38.440263
43.410213
46.953310
48.641765
48.059577
44.818305
38.586725
29.113001
16.252854
0.000000
19.482081
41.834228
66.475968
92.576852
119.046733
144.524197
167.350634
185.654609
197.328445
200.096946
191.583302
169.410064
131.324850
75.356040
0.000000
95.559542
211.200660
345.585370
495.849389
657.289012
823.028100
983.704562
1127.176994
1238.303574
1298.796023
1287.221602
1179.190023
947.803948
564.443783
0.000000
773.331392
1779.557028
3035.502595
4546.360735
6299.910861
8259.148248
10352.981040
12464.626615
14417.261450
15956.422346
16728.564779
16255.110219
13901.222539
8838.414835
0.000000
