475.000000	0.006540	0.000000	0.006540
476.000000	-338.572031	338.578520	0.006489
477.000000	-555.781900	555.788337	0.006437
478.000000	-676.835386	676.841770	0.006384
479.000000	-723.986388	723.992718	0.006330
480.000000	-716.443593	716.449869	0.006276
481.000000	-670.426781	670.433002	0.006221
482.000000	-599.323871	599.330036	0.006165
483.000000	-513.914911	513.921019	0.006108
484.000000	-422.636348	422.642399	0.006051
485.000000	-331.864951	331.870945	0.005994
486.000000	-246.205714	246.211649	0.005935
487.000000	-168.772204	168.778081	0.005877
488.000000	-101.451133	101.456950	0.005817
489.000000	-45.145694	45.151452	0.005758
490.000000	0.005698	0.000000	0.005698
491.000000	34.436867	34.431230	0.005637
492.000000	58.987888	58.982312	0.005576
493.000000	74.764987	74.759472	0.005515
494.000000	83.024968	83.019515	0.005453
495.000000	85.082322	85.076931	0.005391
496.000000	82.236859	82.231530	0.005329
497.000000	75.719527	75.714261	0.005266
498.000000	66.654054	66.648851	0.005203
499.000000	56.032056	56.026916	0.005140
500.000000	44.699366	44.694289	0.005077
501.000000	33.351483	38.257483	-4.906000
502.000000	22.536213	26.954213	-4.418000
503.000000	12.661765	16.645765	-3.984000
504.000000	4.008786	7.606786	-3.598000
505.000000	-3.255000	0.000000	-3.255000
506.000000	-9.058651	6.109651	-2.949000
507.000000	-13.411310	10.733310	-2.678000
508.000000	-16.385689	13.949689	-2.436000
509.000000	-18.102317	15.881317	-2.221000
510.000000	-18.714996	16.684996	-2.030000
511.000000	-18.397765	16.537765	-1.860000
512.000000	-17.333561	15.624561	-1.709000
513.000000	-15.704683	14.130683	-1.574000
514.000000	-13.685062	12.231062	-1.454000
515.000000	-11.434297	10.088297	-1.346000
516.000000	-9.093345	7.845345	-1.248000
517.000000	-6.781740	5.624740	-1.157000
518.000000	-4.596164	3.528164	-1.068000
519.000000	-2.610188	1.634088	-0.976100
520.000000	-0.875000	0.000000	-0.875000
521.000000	0.579081	1.337781	-0.758700
522.000000	1.740487	2.363887	-0.623400
523.000000	2.613852	3.085052	-0.471200
524.000000	3.217201	3.517201	-0.300000
525.000000	3.579020	3.686420	-0.107400
526.000000	3.735334	3.632434	0.102900
527.000000	3.726897	3.399297	0.327600
528.000000	3.596594	3.032894	0.563700
529.000000	3.387112	2.578112	0.809000
530.000000	3.138934	2.076934	1.062000
531.000000	2.888694	1.567694	1.321000
532.000000	2.667897	1.081897	1.586000
533.000000	2.502027	0.647027	1.855000
534.000000	2.410004	0.282004	2.128000
535.000000	2.404000	0.000000	2.404000
536.000000	2.489555	0.194445	2.684000
537.000000	2.665979	0.299021	2.965000
538.000000	2.926991	0.323009	3.250000
539.000000	3.261540	0.274460	3.536000
540.000000	3.654777	0.170223	3.825000
541.000000	4.089129	0.026871	4.116000
542.000000	4.545414	0.136414	4.409000
543.000000	5.003983	0.299983	4.704000
544.000000	5.445819	0.443819	5.002000
545.000000	5.853579	0.550579	5.303000
546.000000	6.212542	0.529542	5.683000
547.000000	6.511435	0.514435	5.997000
548.000000	6.743118	0.420118	6.323000
549.000000	6.905120	0.245120	6.660000
550.000000	7.000000	0.000000	7.000000
551.000000	7.035554	0.328446	7.364000
552.000000	7.024842	0.718158	7.743000
553.000000	6.986063	1.151937	8.138000
554.000000	6.942269	1.611731	8.554000
555.000000	6.920948	2.069052	8.990000
556.000000	6.953476	2.498524	9.452000
557.000000	7.074474	2.868526	9.943000
558.000000	7.321066	3.148934	10.470000
559.000000	7.732093	3.297907	11.030000
560.000000	8.347268	3.292732	11.640000
561.000000	9.206327	3.093673	12.300000
562.000000	10.348175	2.681825	13.030000
563.000000	11.810058	2.029942	13.840000
564.000000	13.626785	1.133215	14.760000
565.000000	15.830000	0.000000	15.830000
566.000000	18.447543	1.317543	17.130000
567.000000	21.502895	2.722895	18.780000
568.000000	25.014724	3.904724	21.110000
569.000000	28.996542	3.906542	25.090000
570.000000	33.456479	5.906479	27.550000
571.000000	38.397166	9.577166	28.820000
572.000000	43.815745	13.605745	30.210000
573.000000	49.703983	17.803983	31.900000
574.000000	56.048500	6.558500	49.490000
575.000000	62.831099	6.398901	69.230000
576.000000	70.029180	6.310820	76.340000
577.000000	77.616242	3.843758	81.460000
578.000000	85.562448	1.717552	87.280000
579.000000	93.835241	0.474759	94.310000
580.000000	102.400000	0.000000	102.400000
581.000000	111.220718	0.020718	111.200000
582.000000	120.260687	0.439313	120.700000
583.000000	129.483176	1.316824	130.800000
584.000000	138.852079	2.347921	141.200000
585.000000	148.332532	3.867468	152.200000
586.000000	157.891479	5.508521	163.400000
587.000000	167.498169	7.501831	175.000000
588.000000	177.124584	9.775416	186.900000
589.000000	186.745787	11.554213	198.300000
590.000000	196.340178	8.359822	204.700000
591.000000	205.889656	6.110344	212.000000
592.000000	215.379688	4.320312	219.700000
593.000000	224.799279	2.800721	227.600000
594.000000	234.140847	1.359153	235.500000
595.000000	243.400000	0.000000	243.400000
596.000000	252.575239	1.275239	251.300000
597.000000	261.667566	2.467566	259.200000
598.000000	270.680030	3.780030	266.900000
599.000000	279.617210	5.317210	274.300000
600.000000	288.484647	6.884647	281.600000
601.000000	297.288239	4.111761	301.400000
602.000000	306.033618	3.266382	309.300000
603.000000	314.725509	2.174491	316.900000
604.000000	323.367102	0.932898	324.300000
605.000000	331.959439	0.359439	331.600000
606.000000	340.500836	1.800836	338.700000
607.000000	348.986353	3.086353	345.900000
608.000000	357.407322	3.607322	353.800000
609.000000	365.750949	0.649051	366.400000
610.000000	374.000000	0.000000	374.000000
611.000000	382.132574	1.932574	380.200000
612.000000	390.121979	4.021979	386.100000
613.000000	397.936712	6.436712	391.500000
614.000000	405.540550	8.940550	396.600000
615.000000	412.892746	11.492746	401.400000
616.000000	419.948341	10.848341	409.100000
617.000000	426.658582	11.358582	415.300000
618.000000	432.971444	10.271444	422.700000
619.000000	438.832243	0.232243	438.600000
620.000000	444.184350	2.584350	441.600000
621.000000	448.969972	2.769972	446.200000
622.000000	453.131002	2.531002	450.600000
623.000000	456.609923	2.109923	454.500000
624.000000	459.350752	1.250752	458.100000
625.000000	461.300000	0.000000	461.300000
626.000000	462.407641	1.707641	460.700000
627.000000	462.628070	6.028070	456.600000
628.000000	461.921027	8.621027	453.300000
629.000000	460.252480	9.752480	450.500000
630.000000	457.595441	9.695441	447.900000
631.000000	453.930701	8.830701	445.100000
632.000000	449.247469	7.347469	441.900000
633.000000	443.543907	5.543907	438.000000
634.000000	436.827537	3.727537	433.100000
635.000000	429.115516	2.215516	426.900000
636.000000	420.434771	1.334771	419.100000
637.000000	410.821985	0.721985	410.100000
638.000000	400.323433	0.423433	399.900000
639.000000	388.994657	0.194657	388.800000
640.000000	376.900000	0.000000	376.900000
641.000000	364.111979	0.188021	364.300000
642.000000	350.710526	0.289474	351.000000
643.000000	336.782086	0.582086	336.200000
644.000000	322.418603	0.318603	322.100000
645.000000	307.716394	0.583606	308.300000
646.000000	292.774928	1.325072	294.100000
647.000000	277.695543	0.004457	277.700000
648.000000	262.580099	3.080099	259.500000
649.000000	247.529613	3.329613	244.200000
650.000000	232.642876	3.342876	229.300000
651.000000	218.015091	3.015091	215.000000
652.000000	203.736555	2.536555	201.200000
653.000000	189.891397	1.791397	188.100000
654.000000	176.556411	0.956411	175.600000
655.000000	163.800000	0.000000	163.800000
656.000000	151.681244	0.918756	152.600000
657.000000	140.249128	1.850872	142.100000
658.000000	129.541937	2.758063	132.300000
659.000000	119.586828	3.513172	123.100000
660.000000	110.399604	4.200396	114.600000
661.000000	101.984687	4.615313	106.600000
662.000000	94.335301	4.834699	99.170000
663.000000	87.433859	4.866141	92.300000
664.000000	81.252557	4.677443	85.930000
665.000000	75.754171	4.285829	80.040000
666.000000	70.893027	3.696973	74.590000
667.000000	66.616152	2.943848	69.560000
668.000000	62.864570	2.055430	64.920000
669.000000	59.574724	1.055276	60.630000
670.000000	56.680000	0.000000	56.680000
671.000000	54.112316	1.072316	53.040000
672.000000	51.803749	2.123749	49.680000
673.000000	49.688163	3.108163	46.580000
674.000000	47.702798	3.972798	43.730000
675.000000	45.789790	4.689790	41.100000
676.000000	43.897575	5.227575	38.670000
677.000000	41.982151	5.552151	36.430000
678.000000	40.008152	5.648152	34.360000
679.000000	37.949707	5.499707	32.450000
680.000000	35.791062	5.101062	30.690000
681.000000	33.526918	4.466918	29.060000
682.000000	31.162491	3.612491	27.550000
683.000000	28.713265	2.553265	26.160000
684.000000	26.204426	1.334426	24.870000
685.000000	23.670000	0.000000	23.670000
686.000000	21.151667	1.418333	22.570000
687.000000	18.697306	2.842694	21.540000
688.000000	16.359264	4.220736	20.580000
689.000000	14.192401	5.507599	19.700000
690.000000	12.251946	6.618054	18.870000
691.000000	10.591216	7.508784	18.100000
692.000000	9.259254	8.130746	17.390000
693.000000	8.298460	8.421540	16.720000
694.000000	7.742268	8.357732	16.100000
695.000000	7.612971	7.907029	15.520000
696.000000	7.919752	7.060248	14.980000
697.000000	8.657010	5.822990	14.480000
698.000000	9.803070	4.196930	14.000000
699.000000	11.319339	2.240661	13.560000
700.000000	13.150000	0.000000	13.150000
701.000000	15.222292	2.462292	12.760000
702.000000	17.447445	5.057445	12.390000
703.000000	19.722305	7.672305	12.050000
704.000000	21.931676	10.201676	11.730000
705.000000	23.951386	12.521386	11.430000
706.000000	25.652064	14.502064	11.150000
707.000000	26.903582	16.023582	10.880000
708.000000	27.580105	16.950105	10.630000
709.000000	27.565645	17.175645	10.390000
710.000000	26.760001	16.590001	10.170000
711.000000	25.084921	15.122921	9.962000
712.000000	22.490312	12.726312	9.764000
713.000000	18.960260	9.383260	9.577000
714.000000	14.518635	5.117635	9.401000
715.000000	9.234000	0.000000	9.234000
716.000000	3.223522	5.853478	9.077000
717.000000	-3.344403	12.273403	8.929000
718.000000	-10.249153	19.037153	8.788000
719.000000	-17.218809	25.873809	8.655000
720.000000	-23.933331	32.462331	8.529000
721.000000	-30.030263	38.440263	8.410000
722.000000	-35.113213	43.410213	8.297000
723.000000	-38.763310	46.953310	8.190000
724.000000	-40.553765	48.641765	8.088000
725.000000	-40.067577	48.059577	7.992000
726.000000	-36.918305	44.818305	7.900000
727.000000	-30.773725	38.586725	7.813000
728.000000	-21.382001	29.113001	7.731000
729.000000	-8.599854	16.252854	7.653000
730.000000	7.578000	0.000000	7.578000
731.000000	26.989081	19.482081	7.507000
732.000000	49.274228	41.834228	7.440000
733.000000	73.850968	66.475968	7.375000
734.000000	99.890852	92.576852	7.314000
735.000000	126.302733	119.046733	7.256000
736.000000	151.724197	144.524197	7.200000
737.000000	174.523634	167.350634	7.173000
738.000000	192.815609	185.654609	7.161000
739.000000	204.492445	197.328445	7.164000
740.000000	207.274946	200.096946	7.178000
741.000000	198.785302	191.583302	7.202000
742.000000	176.645064	169.410064	7.235000
743.000000	138.600850	131.324850	7.276000
744.000000	82.680040	75.356040	7.324000
745.000000	7.378000	0.000000	7.378000
746.000000	-88.122542	95.559542	7.437000
747.000000	-203.700660	211.200660	7.500000
748.000000	-338.017370	345.585370	7.568000
749.000000	-488.211389	495.849389	7.638000
750.000000	-649.578012	657.289012	7.711000
751.000000	-815.242100	823.028100	7.786000
752.000000	-975.840562	983.704562	7.864000
753.000000	-1119.234994	1127.176994	7.942000
754.000000	-1230.281574	1238.303574	8.022000
755.000000	-1290.693023	1298.796023	8.103000
756.000000	-1279.036602	1287.221602	8.185000
757.000000	-1170.923023	1179.190023	8.267000
758.000000	-939.453948	947.803948	8.350000
759.000000	-556.010783	564.443783	8.433000
760.000000	8.515000	0.000000	8.515000
761.000000	781.929392	773.331392	8.598000
762.000000	1788.237028	1779.557028	8.680000
763.000000	3044.264595	3035.502595	8.762000
764.000000	4555.203735	4546.360735	8.843000
765.000000	6308.834861	6299.910861	8.924000
766.000000	8268.152248	8259.148248	9.004000
767.000000	10362.064040	10352.981040	9.083000
768.000000	12473.787615	12464.626615	9.161000
769.000000	14426.500450	14417.261450	9.239000
770.000000	15965.738346	15956.422346	9.316000
771.000000	16737.955779	16728.564779	9.391000
772.000000	16264.576219	16255.110219	9.466000
773.000000	13910.762539	13901.222539	9.540000
774.000000	8848.027835	8838.414835	9.613000
775.000000	9.684000	0.000000	9.684000
