x;; y
0.006540
-17.493453
-34.247213
-50.267401
-65.566593
-80.157278
-94.051861
-107.262662
-119.801915
-131.681769
-142.914288
-153.511450
-163.485150
-172.847195
-181.609308
-189.783127
-197.380205
-204.412007
-210.889918
-216.825232
-222.229163
-227.112835
-231.487291
-235.363485
-238.752289
-241.664488
-244.110782
-246.101786
-247.648029
-248.759956
-249.447926
-249.722213
-249.593006
-249.070407
-248.164437
-246.885026
-245.242024
-243.245192
-240.904209
-238.228665
-235.228068
-231.911839
-228.289315
-224.369747
-220.162301
-215.676057
-210.920011
-205.903073
-200.634067
-195.121735
-189.374729
-183.401619
-177.210890
-170.810940
-164.210082
-157.416545
-150.438473
-143.283921
-135.960865
-128.477189
-120.840698
-113.059107
-105.140049
-97.091069
-88.919629
-80.633105
-72.238788
-63.743882
-55.155509
-46.480703
-37.726414
-28.899507
-20.006760
-11.054869
-2.050441
7.000000
16.090015
25.213251
34.363441
43.534401
52.720034
61.914329
71.111357
80.305279
89.490336
98.660857
107.811258
116.936036
126.029777
135.087150
144.102910
153.071897
161.989037
170.849340
179.647902
188.379904
197.040613
205.625381
214.129643
222.548922
230.878826
239.115046
247.253361
255.289633
263.219812
271.039930
278.746105
286.334543
293.801531
301.143446
308.356745
315.437974
322.383763
329.190828
335.855969
342.376072
348.748107
354.969132
361.036287
366.946800
372.697982
378.287231
383.712029
388.969943
394.058628
398.975820
403.719343
408.287107
412.677104
416.887414
420.916201
424.761716
428.422291
431.896349
435.182393
438.279014
441.184889
443.898778
446.419528
448.746069
450.877419
452.812679
454.551037
456.091765
457.434220
458.577846
459.522171
460.266807
460.811454
461.155895
461.300000
461.243722
460.987102
460.530263
459.873416
459.016856
457.960964
456.706204
455.253129
453.602375
451.754661
449.710797
447.471672
445.038264
442.411637
439.592936
436.583395
433.384332
429.997150
426.423339
422.664470
418.722204
414.598285
410.294542
405.812890
401.155328
396.323942
391.320903
386.148465
380.808970
375.304844
369.638598
363.812829
357.830218
351.693533
345.405626
338.969433
332.387979
325.664371
318.801802
311.803551
304.672981
297.413542
290.028767
282.522275
274.897772
267.159047
259.309976
251.354518
243.296719
235.140711
226.890708
218.551013
210.126011
201.620175
193.038062
184.384313
175.663656
166.880904
158.040955
149.148792
140.209483
131.228181
122.210127
113.160643
104.085139
94.989110
85.878136
76.757880
67.634095
58.512615
49.399360
40.300338
31.221638
22.169439
13.150000
4.169669
-4.765121
-13.647853
-22.471926
-31.230650
-39.917253
-48.524877
-57.046578
-65.475327
-73.804010
-82.025428
-90.132297
-98.117246
-105.972821
-113.691482
-121.265602
-128.687472
-135.949296
-143.043192
-149.961195
-156.695251
-163.237226
-169.578895
-175.711954
-181.628007
-187.318579
-192.775106
-197.988939
-202.951345
-207.653506
-212.086517
-216.241390
-220.109050
-223.680336
-226.946005
-229.896727
-232.523085
-234.815579
-236.764623
-238.360547
-239.593594
-240.453923
-240.931606
-241.016631
-240.698902
-239.968237
-238.814366
-237.226937
-235.195513
-232.709570
-229.758498
-226.331604
-222.418110
-218.007150
-213.087775
-207.648951
-201.679556
-195.168386
-188.104151
-180.475474
-172.270895
-163.478867
-154.087758
-144.085853
-133.461349
-122.202359
-110.296911
-97.732946
-84.498322
-70.580812
-55.968100
-40.647790
-24.607397
-7.834351
9.684000
Difference:


0.000000
17.499942
34.253650
50.273785
65.572923
80.163554
94.058082
107.268827
119.808023
131.687820
142.920282
153.517385
163.491027
172.853012
181.615066
189.788825
197.385842
204.417583
210.895433
216.830685
222.234554
227.118164
231.492557
235.368688
238.757429
241.669565
239.204782
241.683786
243.664029
245.161956
246.192926
246.773213
246.915006
246.634407
245.943437
244.855026
243.382024
241.536192
239.330209
236.774665
233.882068
230.663839
227.132315
223.301747
219.186201
214.801057
210.161311
205.279673
200.162867
194.821735
189.267329
183.504519
177.538490
171.374640
165.019082
158.478545
151.759473
144.869921
137.815865
130.605189
123.244698
115.743107
108.105049
100.341069
92.455629
84.458105
76.354788
68.152882
59.859509
51.482703
43.029414
34.582507
26.003760
17.377869
8.710441
0.000000
8.726015
17.470251
26.225441
34.980401
43.730034
52.462329
61.168357
69.835279
78.460336
87.020857
95.511258
103.906036
112.189777
120.327150
128.272910
135.941897
143.209037
149.739340
154.557902
160.829904
168.220613
175.415381
182.229643
173.058922
161.648826
162.775046
165.793361
168.009633
168.909812
168.639930
167.546105
165.634543
163.001531
159.943446
156.156745
152.037974
147.383763
142.290828
137.555969
137.676072
136.748107
135.269132
133.436287
131.446800
129.297982
126.987231
124.512029
122.069943
119.758628
117.375820
102.319343
98.987107
95.777104
92.587414
89.316201
86.061716
82.522291
78.096349
68.782393
64.279014
60.984889
57.798778
54.919528
52.146069
49.477419
43.712679
39.251037
33.391765
18.834220
16.977846
13.322171
9.666807
6.311454
3.055895
0.000000
0.543722
4.387102
7.230263
9.373416
11.116856
12.860964
14.806204
17.253129
20.502375
24.854661
30.610797
37.371672
45.138264
53.611637
62.692936
72.283395
82.384332
93.797150
104.323339
114.364470
124.622204
136.898285
150.794542
161.612890
171.855328
181.323942
190.120903
198.048465
205.208970
211.504844
217.038598
221.712829
225.530218
228.593533
230.805626
232.369433
233.217979
233.364371
232.871802
231.763551
230.082981
227.853542
225.108767
221.892275
218.217772
214.119047
209.629976
204.774518
199.566719
194.040711
188.220708
182.121013
175.766011
169.170175
162.348062
155.324313
148.113656
140.720904
133.170955
125.478792
117.639483
109.688181
101.630127
93.460643
85.215139
76.889110
68.488136
60.037880
51.534095
42.992615
34.419360
25.820338
17.221638
8.609439
0.000000
8.590331
17.155121
25.697853
34.201926
42.660650
51.067253
59.404877
67.676578
75.865327
83.974010
91.987428
99.896297
107.694246
115.373821
122.925482
130.342602
137.616472
144.737296
151.698192
158.490195
165.105251
171.534226
177.768895
183.799954
189.620007
195.218579
200.588106
205.719939
210.604345
215.231506
219.593517
223.681390
227.484050
230.994336
234.202005
237.096727
239.696085
241.976579
243.928623
245.538547
246.795594
247.688923
248.207606
248.340631
248.076902
247.405237
246.314366
244.794937
242.833513
240.420570
237.544498
234.195604
230.360110
226.029150
221.190775
215.833951
209.946556
203.518386
196.537151
188.990474
180.868895
172.158867
162.849758
152.928853
142.385349
131.206359
119.379911
106.893946
93.737322
79.896812
65.359100
50.113790
34.147397
17.447351
0.000000
