x;; y
0.006540
46.153212
88.342130
126.751023
161.552902
192.916132
221.004503
245.977299
267.989368
287.191197
303.728972
317.744655
329.376047
338.756859
346.016777
351.281527
354.672948
356.309049
356.304081
354.768598
351.809523
347.530211
342.030513
335.406837
327.752214
319.156356
309.705718
299.483560
288.570010
277.042116
264.973914
252.436481
239.497998
226.223803
212.676452
198.915775
184.998934
170.980473
156.912383
142.844149
128.822807
114.893001
101.097031
87.474911
74.064420
60.901151
48.018568
35.448054
23.218961
11.358662
-0.107400
-11.155664
-21.764401
-31.913665
-41.585247
-50.762629
-59.430933
-67.576877
-75.188733
-82.256274
-88.770737
-94.724771
-100.112402
-104.928982
-109.171150
-112.836789
-115.924982
-118.435977
-120.371137
-121.732907
-122.524771
-122.751213
-122.417676
-121.530529
-120.097024
-118.125258
-115.624143
-112.603359
-109.073328
-105.045173
-100.530683
-95.542279
-90.092984
-84.196381
-77.866588
-71.118221
-63.966364
-56.426535
-48.514657
-40.247027
-31.640284
-22.711382
-13.477559
-3.956309
5.834646
15.877386
26.153815
36.645695
47.334666
58.202275
69.230000
80.399277
91.691520
103.088150
114.570615
126.120414
137.719117
149.348393
160.990025
172.625933
184.238195
195.809068
207.321006
218.756678
230.098988
241.331093
252.436420
263.398685
274.201904
284.830415
295.268893
305.502360
315.516205
325.296197
334.828495
344.099666
353.096695
361.806998
370.218432
378.319310
386.098407
393.544973
400.648742
407.399942
413.789304
419.808066
425.447989
430.701355
435.560980
440.020220
444.072973
447.713688
450.937369
453.739578
456.116440
458.064646
459.581457
460.664705
461.312795
461.524708
461.300000
460.638804
459.541828
458.010357
456.046251
453.651942
450.830436
447.585304
443.920686
439.841285
435.352359
430.459724
425.169744
419.489327
413.425918
406.987496
400.182562
393.020139
385.509754
377.661442
369.485725
360.993611
352.196583
343.106584
333.736013
324.097709
314.204942
304.071396
293.711165
283.138731
272.368956
261.417065
250.298633
239.029569
227.626100
216.104757
204.482355
192.775980
181.002968
169.180889
157.327527
145.460862
133.599052
121.760408
109.963380
98.226531
86.568518
75.008070
63.563965
52.255006
41.100000
30.117732
19.326944
8.746303
-1.605615
-11.710357
-21.549620
-31.105271
-40.359384
-49.294259
-57.892455
-66.136818
-74.010510
-81.497037
-88.580283
-95.244538
-101.474528
-107.255450
-112.573003
-117.413419
-121.763496
-125.610637
-128.942876
-131.748918
-134.018174
-135.740794
-136.907703
-137.510641
-137.542198
-136.995850
-135.865999
-134.148010
-131.838252
-128.934137
-125.434157
-121.337929
-116.646231
-111.361049
-105.485614
-99.024447
-91.983400
-84.369703
-76.192003
-67.460411
-58.186549
-48.383589
-38.066306
-27.251118
-15.956139
-4.201220
7.992000
20.600044
33.597553
46.957232
60.649804
74.643958
88.906299
103.401295
118.091228
132.936141
147.893786
162.919568
177.966494
192.985119
207.923492
222.727097
237.338803
251.698803
265.744562
279.410757
292.629218
305.328875
317.435697
328.872632
339.559547
349.413173
358.347038
366.271412
373.093241
378.716087
383.040067
385.961788
387.374286
387.166958
385.225503
381.431854
375.664112
367.796484
357.699212
345.238512
330.276499
312.671127
292.276118
268.940889
242.510492
212.825534
179.722116
143.031755
102.581320
58.192952
9.684000
Difference:


0.000000
46.146723
88.335693
126.744639
161.546572
192.909856
220.998282
245.971134
267.983260
287.185146
303.722978
317.738720
329.370170
338.751042
346.011019
351.275829
354.667311
356.303473
356.298566
354.763145
351.804132
347.524882
342.025247
335.401634
327.747074
319.151279
314.611718
303.901560
292.554010
280.640116
268.228914
255.385481
242.175998
228.659803
214.897452
200.945775
186.858934
172.689473
158.486383
144.298149
130.168807
116.141001
102.254031
88.542911
75.040520
61.776151
48.777268
36.071454
23.690161
11.658662
0.000000
11.258564
22.092001
32.477365
42.394247
51.824629
60.751933
69.162877
77.043733
84.384274
91.174737
97.408771
103.077402
108.178982
112.707150
116.661789
120.040982
122.844977
125.075137
126.734907
127.827771
128.434213
128.414676
127.853529
126.757024
125.125258
122.988143
120.346359
117.211328
113.599173
109.520683
104.994279
100.035984
94.666381
88.896588
82.758221
76.266364
69.456535
62.354657
55.007027
47.470284
39.841382
32.257559
25.066309
19.255354
11.672614
2.666185
6.435695
15.434666
8.712275
0.000000
4.059277
10.231520
15.808150
20.260615
23.720414
26.519117
28.648393
30.190025
31.425933
32.038195
32.409068
32.321006
31.856678
31.798988
36.631093
40.436420
43.698685
46.601904
49.330415
51.868893
54.202360
56.316205
58.396197
60.528495
62.499666
51.696695
52.506998
53.318432
54.019310
54.498407
54.844973
54.748742
53.599942
47.389304
45.808066
45.247989
44.601355
44.060980
43.420220
42.672973
38.613688
35.637369
31.039578
17.516440
16.464646
13.381457
10.064705
6.812795
3.424708
0.000000
0.061196
2.941828
4.710357
5.546251
5.751942
5.730436
5.685304
5.920686
6.741285
8.452359
11.359724
15.069744
19.589327
24.625918
30.087496
35.882562
42.020139
49.309754
55.561442
61.185725
66.893611
74.496583
83.606584
89.536013
94.797709
99.204942
102.871396
105.611165
107.538731
108.568956
108.817065
108.198633
106.729569
104.526100
101.504757
97.882355
93.605980
88.702968
83.250889
77.287527
70.870862
64.039052
56.840408
49.333380
41.546531
33.528518
25.328070
16.983965
8.525006
0.000000
8.552268
17.103056
25.613697
34.055615
42.400357
50.609620
58.655271
66.519384
74.164259
81.562455
88.706818
95.550510
102.077037
108.280283
114.114538
119.574528
124.645450
129.293003
133.513419
137.283496
140.590637
143.422876
145.748918
147.578174
148.890794
149.667703
149.900641
149.592198
148.725850
147.295999
145.298010
142.718252
139.564137
135.824157
131.507929
126.608231
121.125049
115.062614
108.425447
101.217400
93.446703
85.121003
76.248411
66.841549
56.912589
46.476306
35.548118
24.146139
12.289220
0.000000
12.700044
25.784553
39.226232
52.996804
67.065958
81.399299
95.961295
110.716228
125.622141
140.637786
155.719568
170.793494
185.824119
200.759492
215.549097
230.136803
244.463803
258.468562
272.086757
285.251218
297.891875
309.935697
321.304632
331.921547
341.702173
350.561038
358.407412
365.151241
370.694087
374.937067
377.776788
379.107286
378.816958
376.792503
372.916854
367.066112
359.116484
348.937212
336.395512
321.352499
303.667127
283.193118
259.779889
233.271492
203.509534
170.331116
133.565755
93.041320
48.579952
0.000000
