x;; y
0.006540
6.104574
12.162035
18.178922
24.155235
30.090974
35.986140
41.840732
47.654750
53.428194
59.161065
64.853362
70.505085
76.116234
81.686810
87.216812
92.706240
98.155094
103.563375
108.931082
114.258215
119.544774
124.790759
129.996171
135.161009
140.285274
145.368964
150.412081
155.414624
160.376593
165.297989
170.178811
175.019059
179.818733
184.577833
189.296360
193.974313
198.611692
203.208498
207.764730
212.280388
216.755472
221.189982
225.583919
229.937282
234.250071
238.522287
242.753928
246.944996
251.095491
255.205411
259.274758
263.303531
267.291730
271.239355
275.146407
279.012885
282.838789
286.624120
290.368876
294.073059
297.736668
301.359704
304.942165
308.484053
311.985367
315.446108
318.866275
322.245867
325.584887
328.883332
332.141204
335.358501
338.535226
341.671376
344.766953
347.821955
350.836384
353.810240
356.743521
359.636229
362.488363
365.299924
368.070910
370.801323
373.491162
376.140427
378.749119
381.317237
383.844781
386.331751
388.778148
391.183971
393.549220
395.873895
398.157996
400.401524
402.604478
404.766858
406.888665
408.969898
411.010557
413.010642
414.970154
416.889091
418.767455
420.605246
422.402462
424.159105
425.875174
427.550669
429.185590
430.779938
432.333712
433.846912
435.319539
436.751592
438.143070
439.493976
440.804307
442.074065
443.303249
444.491859
445.639895
446.747358
447.814247
448.840562
449.826304
450.771471
451.676065
452.540085
453.363532
454.146404
454.888703
455.590428
456.251580
456.872157
457.452161
457.991591
458.490448
458.948730
459.366439
459.743574
460.080136
460.376123
460.631537
460.846377
461.020644
461.154336
461.247455
461.300000
461.311971
461.283369
461.214193
461.104443
460.954119
460.763222
460.531750
460.259705
459.947087
459.593894
459.200128
458.765788
458.290874
457.775387
457.219326
456.622691
455.985482
455.307699
454.589343
453.830413
453.030909
452.190832
451.310181
450.388956
449.427157
448.424784
447.381838
446.298318
445.174224
444.009557
442.804316
441.558500
440.272112
438.945149
437.577613
436.169503
434.720819
433.231561
431.701730
430.131325
428.520346
426.868794
425.176667
423.443967
421.670693
419.856846
418.002424
416.107429
414.171860
412.195718
410.179001
408.121711
406.023847
403.885410
401.706398
399.486813
397.226654
394.925922
392.584615
390.202735
387.780281
385.317254
382.813652
380.269477
377.684728
375.059405
372.393509
369.687039
366.939995
364.152377
361.324186
358.455421
355.546082
352.596169
349.605683
346.574622
343.502988
340.390781
337.237999
334.044644
330.810715
327.536212
324.221136
320.865485
317.469261
314.032464
310.555092
307.037147
303.478628
299.879535
296.239869
292.559628
288.838814
285.077427
281.275465
277.432930
273.549821
269.626138
265.661881
261.657051
257.611647
253.525669
249.399118
245.231992
241.024293
236.776020
232.487174
228.157754
223.787759
219.377192
214.926050
210.434335
205.902046
201.329183
196.715746
192.061736
187.367152
182.631994
177.856262
173.039957
168.183078
163.285625
158.347598
153.368998
148.349824
143.290076
138.189754
133.048859
127.867389
122.645347
117.382730
112.079539
106.735775
101.351437
95.926526
90.461040
84.954981
79.408348
73.821141
68.193361
62.525007
56.816079
51.066577
45.276502
39.445852
33.574629
27.662833
21.710462
15.717518
9.684000
Difference:


0.000000
6.098085
12.155598
18.172538
24.148905
30.084698
35.979919
41.834567
47.648642
53.422143
59.155071
64.847427
70.499208
76.110417
81.681052
87.211114
92.700603
98.149518
103.557860
108.925629
114.252824
119.539445
124.785493
129.990968
135.155869
140.280197
150.274964
154.830081
159.398624
163.974593
168.552989
173.127811
177.697059
182.254733
186.798833
191.326360
195.834313
200.320692
204.782498
209.218730
213.626388
218.003472
222.346982
226.651919
230.913382
235.125071
239.280987
243.377328
247.416196
251.395491
255.312811
259.171858
262.975931
266.728030
270.430355
274.084407
277.691885
281.252789
284.769120
288.240876
291.669059
295.052668
298.394704
301.692165
304.948053
308.160367
311.330108
314.457275
317.541867
320.582887
323.580332
326.458204
329.361501
332.212226
335.011376
337.766953
340.457955
343.093384
345.672240
348.189521
350.646229
353.036363
355.356924
357.600910
359.771323
361.851162
363.840427
365.719119
367.477237
369.084781
370.501751
371.648148
372.403971
372.439220
370.783895
370.607996
371.581524
372.394478
372.866858
357.398665
339.739898
334.670557
331.550642
327.690154
322.579091
316.367455
309.405246
301.702462
293.359105
284.675174
275.350669
265.785590
255.779938
245.433712
235.546912
230.619539
224.751592
218.443070
211.893976
205.304307
198.674065
192.003249
185.291859
178.739895
172.447358
166.214247
147.440562
140.526304
133.871471
127.376065
120.940085
114.663532
108.246404
101.088703
89.190428
82.251580
76.672157
71.352161
66.491591
61.890448
57.548730
50.266439
44.443574
37.380136
21.776123
19.031537
14.646377
10.420644
6.654336
3.147455
0.000000
0.611971
4.683369
7.914193
10.604443
13.054119
15.663222
18.631750
22.259705
26.847087
32.693894
40.100128
48.665788
58.390874
68.975387
80.319326
92.322691
104.985482
119.107699
132.489343
145.530413
158.930909
174.490832
191.810181
206.188956
220.127157
233.424784
246.181838
258.198318
269.574224
280.209557
290.204316
299.458500
307.972112
315.845149
322.977613
329.569503
335.550819
340.931561
345.771730
350.091325
353.930346
357.308794
360.256667
362.813967
364.990693
366.816846
368.322424
369.527429
370.441860
371.095718
371.509001
371.691711
371.663847
371.435410
371.016398
370.426813
369.676654
368.765922
367.714615
366.532735
365.210281
363.777254
362.233652
360.569477
358.814728
356.959405
355.003509
352.967039
350.839995
348.632377
346.344186
343.975421
341.546082
339.036169
336.455683
333.814622
331.112988
328.340781
325.507999
322.614644
319.660715
316.656212
313.591136
310.475485
307.299261
304.070464
300.791092
297.460147
294.077628
290.645535
287.162869
283.630628
280.050814
276.422427
272.746465
269.022930
265.252821
261.436138
257.573881
253.665051
249.711647
245.712669
241.668118
237.578992
233.446293
229.269020
225.047174
220.782754
216.473759
212.121192
207.726050
203.261335
198.741046
194.165183
189.537746
184.859736
180.132152
175.355994
170.532262
165.661957
160.746078
155.785625
150.779598
145.730998
140.638824
135.504076
130.325754
125.106859
119.845389
114.542347
109.197730
103.812539
98.385775
92.918437
87.411526
81.863040
76.274981
70.646348
64.978141
59.269361
53.521007
47.733079
41.905577
36.037502
30.129852
24.183629
18.196833
12.170462
6.104518
0.000000
